# 2026-10-10T10:09:40+00:00 / clang++-20.1.2 (Linux x86_64) / node (default)
# cxon/node          Size     Read     x  Boost/JSON     x  RapidJSON     x  nlohmann/JSON    Write     x  Boost/JSON     x  RapidJSON      x  nlohmann/JSON
blns.json            0.03   346.67  0.78      443.27  1.13     306.63  2.13         162.90   989.41  0.67     1468.90  1.11     894.34   3.31         299.22
emoji.json           0.39   353.50  0.90      391.78  1.28     275.68  3.13         113.09   681.75  0.72      952.82  1.11     614.14   2.19         311.63
apache_builds.json   0.12   455.61  0.88      516.84  1.46     311.30  2.99         152.44  1024.68  0.67     1518.88  0.96    1065.83   2.99         343.06
canada.json          2.15   233.41  0.66      354.14  1.01     230.14  3.19          73.17   195.78  0.43      453.19  0.81     242.28   0.93         211.55
citm_catalog.json    1.65   547.11  0.59      933.83  0.77     712.51  3.21         170.38  1799.60  0.96     1882.02  0.96    1877.91   1.87         960.97
github_events.json   0.06   588.95  0.92      637.44  1.87     314.39  4.16         141.65  1274.91  0.81     1576.33  1.11    1148.98   4.05         314.43
gsoc-2018.json       3.17  1111.84  0.77     1447.37  3.49     318.58  5.58         199.29  2007.86  1.31     1538.37  1.01    1982.27  10.36         193.84
instruments.json     0.21   372.02  0.71      523.19  0.95     390.42  3.07         121.10  1153.95  0.83     1386.20  1.15    1004.63   2.45         471.11
marine_ik.json       2.85   244.59  0.68      361.62  0.63     390.04  3.00          81.44   212.94  0.61      350.25  0.61     349.29   0.80         266.02
mesh.json            0.69   287.21  0.77      371.02  0.76     376.72  3.42          84.07   196.54  0.57      342.87  0.67     295.00   0.85         230.19
mesh.pretty.json     1.50   498.22  0.76      656.71  1.26     395.97  3.75         132.84   430.71  0.59      735.56  0.66     651.05   0.86         501.87
numbers.json         0.14   380.20  0.85      444.73  0.99     382.29  4.84          78.63   166.66  0.50      335.85  0.72     232.35   0.90         186.04
random.json          0.49   264.48  0.93      285.02  1.12     236.21  2.65          99.84   641.35  0.72      888.20  1.18     542.88   2.45         261.85
twitter.json         0.60   422.49  0.94      449.14  1.30     325.79  3.37         125.20  1139.73  0.76     1503.22  1.22     931.93   3.29         345.99
twitterescaped.json  0.54   318.61  0.78      410.85  1.07     298.75  2.81         113.41  1050.60  0.80     1319.03  1.27     825.55   3.40         308.77
update-center.json   0.51   315.47  0.71      444.52  1.27     249.05  2.81         112.38   661.01  0.75      885.16  0.97     683.75   3.03         217.87
<average>            0.94   421.27  0.78      541.97  1.22     344.65  3.44         122.61   851.72  0.80     1071.05  1.02     833.88   2.51         339.02
