# 2026-10-03T09:28:12+00:00 / clang++-20.1.2 (Linux x86_64) / native (default)
# cxon/native        Size     Read     x  Boost/JSON     x  RapidJSON     x  nlohmann/JSON    Write     x  Boost/JSON     x  RapidJSON     x  nlohmann/JSON
blns.json            0.03   503.97  0.81      620.33  1.43     352.53  2.25         223.81  1329.63  0.76     1745.92  1.44     920.69  3.44         386.09
emoji.json           0.39   526.25  1.06      494.87  1.44     366.35  3.08         170.77  1029.58  0.86     1200.52  1.11     927.62  2.80         367.72
apache_builds.json   0.12   717.22  1.08      662.00  1.72     416.13  3.08         232.84  1476.11  0.78     1902.71  0.94    1577.36  3.42         432.15
canada.json          2.15   900.42  1.90      474.06  3.43     262.31  9.19          97.96   283.18  0.49      580.66  0.97     292.23  1.10         258.02
citm_catalog.json    1.65  1354.07  1.03     1313.92  1.29    1050.86  4.75         285.17  3273.99  1.27     2578.86  1.18    2776.43  2.86        1143.43
github_events.json   0.06   893.99  1.07      837.06  2.18     409.95  4.07         219.54  1857.64  0.89     2085.33  1.59    1170.68  4.42         420.54
gsoc-2018.json       3.17  1502.52  0.96     1570.21  3.68     408.39  4.85         310.04  2331.46  1.46     1596.88  1.18    1983.58  8.95         260.49
instruments.json     0.21  1065.89  1.48      721.09  1.93     552.63  5.40         197.45  2031.59  1.13     1800.25  1.48    1368.24  3.15         644.57
marine_ik.json       2.85   654.40  1.42      459.89  1.31     500.32  5.75         113.80   274.07  0.64      427.85  0.57     480.82  0.85         324.31
mesh.json            0.69   836.20  1.83      457.56  1.83     457.02  7.32         114.20   286.24  0.69      415.96  0.73     392.65  0.98         291.35
mesh.pretty.json     1.50  1187.80  1.34      888.09  2.25     528.07  6.18         192.34   623.62  0.69      910.24  0.72     867.34  0.98         638.12
numbers.json         0.14   913.26  1.56      587.18  2.00     455.88  8.37         109.06   228.89  0.54      421.42  0.76     299.93  0.98         232.52
random.json          0.49   583.49  1.62      360.35  1.89     308.72  4.11         141.92   978.73  0.89     1095.15  1.48     660.97  3.13         312.49
twitter.json         0.60   848.34  1.47      578.28  2.07     409.15  4.46         190.02  1896.74  1.00     1894.10  2.11     899.63  4.35         436.08
twitterescaped.json  0.54   560.06  1.14      493.20  1.45     385.67  3.42         163.96  1662.75  0.99     1684.57  2.09     794.70  4.29         387.29
update-center.json   0.51   658.49  1.24      532.09  2.07     318.53  3.95         166.72  1003.54  0.99     1010.69  1.43     701.16  3.70         270.88
<average>            0.94   856.65  1.24      690.64  1.91     448.91  4.68         183.10  1285.49  0.96     1334.45  1.28    1007.13  3.02         425.38
