# 2026-10-03T09:32:13+00:00 / clang++-20.1.2 (Linux x86_64) / native (boost::charconv)
# cxon/native       Size    Read     x  Boost/JSON     x  RapidJSON      x  nlohmann/JSON    Write     x  Boost/JSON     x  RapidJSON     x  nlohmann/JSON
random-u8.json      0.34  367.69  2.47      149.08  2.05     179.03   4.49          81.85   447.74  1.91      233.94  1.13     396.95  1.87         239.71
random-s8.json      0.35  272.50  2.14      127.36  1.67     162.93   3.66          74.46   255.58  1.31      195.38  0.82     313.49  1.34         190.83
random-u16.json     0.56  700.99  2.50      279.88  2.35     297.81   5.99         116.95   403.45  1.50      269.77  0.54     743.40  0.98         411.08
random-s16.json     0.59  331.23  1.55      213.76  1.35     245.35   3.17         104.50   345.90  1.52      227.78  0.70     493.95  1.12         307.66
random-u32.json     1.02  882.42  1.87      472.10  1.97     447.16   5.74         153.82   579.96  1.90      305.82  0.70     825.17  1.12         519.18
random-s32.json     1.05  565.14  1.63      347.62  1.67     339.15   3.95         143.23   639.29  2.35      272.58  0.82     775.42  1.61         397.77
random-u64.json     1.95  932.48  1.45      642.04  2.25     415.19   4.70         198.20   787.54  2.02      388.92  0.63    1250.73  1.22         645.18
random-s64.json     1.94  872.20  1.37      636.45  2.13     409.64   4.32         201.99   776.36  1.91      406.23  0.62    1247.51  1.20         649.11
random-fp32.json    1.41  418.25  1.60      262.20  1.51     277.07   5.17          80.89   295.75  1.17      253.60  1.44     205.40  1.76         167.68
random-fp64.json    2.04  570.37  1.53      372.94  2.23     256.01   5.81          98.20   373.83  0.91      408.84  1.46     256.27  1.69         221.17
random-null.json    0.48  777.23  2.45      316.97  1.48     525.62   3.98         195.04  1171.40  1.27      924.64  1.39     842.94  2.25         519.90
random-bool.json    0.52  647.21  2.59      249.77  1.82     355.58   4.05         159.87   641.96  1.42      453.32  1.20     535.84  1.79         357.98
random-string.json  4.55  435.43  1.12      388.74  1.43     304.11   2.34         186.29  1063.57  1.09      974.01  0.93    1141.79  4.59         231.49
random-array.json   1.14  994.54  5.43      183.14  2.56     387.94  10.65          93.38  1715.58  1.75      978.31  2.58     664.84  3.66         468.80
random-object.json  1.91  525.60  4.17      125.92  1.48     355.12   6.86          76.66   936.57  0.94      995.14  1.33     703.05  2.74         342.22
<average>           1.32  619.55  1.95      317.86  1.87     330.51   4.73         131.02   695.63  1.43      485.88  1.00     693.12  1.84         377.98
