# 2026-10-10T10:13:21+00:00 / clang++-20.1.2 (Linux x86_64) / native (boost::charconv)
# cxon/native        Size    Read     x  Boost/JSON     x  RapidJSON     x  nlohmann/JSON    Write     x  Boost/JSON     x  RapidJSON      x  nlohmann/JSON
blns.json            0.03  380.90  0.84      455.43  1.49     256.11  2.53         150.49  1031.19  0.72     1435.95  1.09     943.88   3.45         299.04
emoji.json           0.39  404.22  1.07      379.05  1.53     263.76  3.42         118.36   832.93  0.87      952.92  1.36     614.17   2.66         313.09
apache_builds.json   0.12  542.70  1.08      503.38  1.85     293.01  3.47         156.25  1187.19  0.78     1519.90  1.11    1072.43   3.40         349.18
canada.json          2.15  650.19  1.84      353.49  2.83     230.10  8.91          72.99   401.67  0.89      450.35  1.65     243.73   1.90         211.68
citm_catalog.json    1.65  988.80  1.06      930.60  1.40     707.25  5.69         173.65  2382.38  1.24     1917.89  1.27    1871.30   2.52         946.12
github_events.json   0.06  654.26  1.72      381.18  2.15     303.93  4.56         143.36  1414.83  0.90     1576.73  1.23    1149.62   4.50         314.30
gsoc-2018.json       3.17  794.72  0.56     1421.59  2.49     319.03  3.95         201.28  1980.32  1.28     1546.36  0.99    2004.71  10.09         196.33
instruments.json     0.21  811.31  1.55      522.86  2.12     382.41  6.45         125.76  1461.35  1.02     1432.80  1.45    1006.18   3.11         469.86
marine_ik.json       2.85  486.56  1.35      361.55  1.25     387.75  5.89          82.64   360.90  1.03      349.64  1.02     352.47   1.36         265.38
mesh.json            0.69  607.92  1.65      368.83  1.63     373.35  7.12          85.38   314.47  0.91      347.30  1.05     300.32   1.35         232.30
mesh.pretty.json     1.50  964.09  1.47      658.03  2.13     451.70  7.18         134.19   685.84  0.93      737.54  1.05     655.75   1.35         506.47
numbers.json         0.14  629.80  1.41      445.94  1.65     381.95  8.19          76.87   267.46  0.79      337.15  1.15     232.74   1.43         186.78
random.json          0.49  452.03  1.60      282.59  1.99     227.55  4.35         103.86   776.99  0.87      891.03  1.45     535.06   2.92         266.28
twitter.json         0.60  621.25  1.41      442.04  1.96     316.34  4.92         126.35  1456.03  0.98     1492.21  1.54     943.33   4.11         353.92
twitterescaped.json  0.54  424.26  1.04      407.07  1.45     293.10  3.83         110.86  1306.28  0.98     1327.27  1.58     827.98   4.15         314.86
update-center.json   0.51  507.88  1.15      443.55  2.15     236.18  4.48         113.49   809.82  0.93      870.52  1.22     665.76   3.68         219.87
<average>            0.94  620.06  1.19      522.32  1.83     338.97  5.02         123.49  1041.85  0.97     1074.10  1.24     838.71   3.06         340.34
