# 2026-10-10T10:10:53+00:00 / clang++-20.1.2 (Linux x86_64) / node (default)
# cxon/node         Size    Read     x  Boost/JSON     x  RapidJSON     x  nlohmann/JSON    Write     x  Boost/JSON     x  RapidJSON     x  nlohmann/JSON
random-u8.json      0.34   65.51  0.53      123.93  0.43     151.81  1.07          61.20   211.67  1.09      194.92  0.64     330.65  1.07         198.47
random-s8.json      0.35  106.66  0.96      110.63  0.73     145.78  1.83          58.14   169.20  0.99      171.21  0.59     288.68  1.03         163.89
random-u16.json     0.56  190.53  0.83      228.66  0.79     242.64  2.08          91.75   342.70  1.44      237.43  0.66     520.83  1.08         317.03
random-s16.json     0.59  166.40  0.87      190.26  0.78     214.33  2.01          82.96   262.82  1.27      207.49  0.61     427.97  1.03         254.82
random-u32.json     1.02  287.24  0.81      354.08  0.88     327.60  2.37         121.21   478.21  1.84      259.84  0.68     707.21  1.14         420.47
random-s32.json     1.05  248.86  0.84      297.06  0.82     303.10  2.24         111.03   420.91  1.77      238.18  0.61     688.41  1.23         341.63
random-u64.json     1.95  429.63  0.78      548.34  1.11     388.37  3.03         141.62   643.11  1.83      352.38  0.62    1037.36  1.22         525.58
random-s64.json     1.94  407.99  0.75      542.06  1.05     389.02  2.75         148.12   599.91  1.61      372.80  0.57    1057.86  1.18         509.18
random-fp32.json    1.41  218.93  0.95      230.11  0.91     241.83  3.36          65.12   123.04  0.57      214.99  0.69     179.26  0.86         142.90
random-fp64.json    2.04  304.94  0.99      307.86  1.36     223.52  3.98          76.63   197.60  0.58      340.19  0.89     223.03  1.05         188.82
random-null.json    0.48  240.52  0.92      262.51  0.51     471.10  1.72         139.84   953.60  1.29      739.33  1.57     609.32  2.58         370.15
random-bool.json    0.52  225.45  0.99      227.15  0.65     345.34  1.77         127.06   658.77  1.58      415.90  1.59     414.14  2.20         299.36
random-string.json  4.55  383.23  1.29      296.17  1.43     267.27  3.10         123.48  1073.56  1.00     1070.63  0.92    1160.78  5.44         197.42
random-array.json   1.14   84.19  0.34      245.74  0.15     567.11  0.90          93.40   706.49  1.30      542.92  1.38     511.38  1.90         372.65
random-object.json  1.91   91.42  0.54      169.12  0.37     250.09  1.60          57.30   488.20  0.75      649.51  0.98     496.80  1.71         285.36
<average>           1.32  230.10  0.83      275.58  0.76     301.93  2.30          99.92   488.65  1.22      400.51  0.85     576.91  1.60         305.85
