# 2026-10-03T09:30:24+00:00 / clang++-20.1.2 (Linux x86_64) / node (boost::charconv)
# cxon/node          Size     Read     x  Boost/JSON     x  RapidJSON     x  nlohmann/JSON    Write     x  Boost/JSON     x  RapidJSON     x  nlohmann/JSON
blns.json            0.03   451.30  0.73      621.59  1.04     434.61  1.78         253.22  1329.01  0.76     1743.22  1.45     913.72  3.44         386.16
emoji.json           0.39   403.39  0.79      510.01  1.10     366.04  2.33         173.15   867.30  0.73     1191.79  1.00     867.55  2.33         371.67
apache_builds.json   0.12   541.65  0.79      682.00  1.28     424.61  2.30         235.28  1321.45  0.70     1887.39  0.90    1468.81  2.86         462.74
canada.json          2.15   279.58  0.59      475.31  1.05     266.37  2.83          98.64   466.94  0.80      581.85  1.58     295.71  1.79         260.77
citm_catalog.json    1.65   726.42  0.55     1312.64  0.68    1067.72  2.50         290.04  2295.07  0.89     2586.14  0.88    2601.86  1.85        1237.29
github_events.json   0.06   722.72  0.86      837.80  1.74     415.47  3.21         224.81  1721.80  0.84     2059.61  1.44    1194.24  4.20         409.53
gsoc-2018.json       3.17  1266.36  0.81     1557.70  2.88     440.40  3.94         321.46  2302.09  1.46     1573.65  1.20    1912.73  8.88         259.10
instruments.json     0.21   426.21  0.60      715.22  0.78     547.76  2.13         200.27  1267.28  0.70     1801.43  0.94    1353.50  1.86         682.97
marine_ik.json       2.85   275.58  0.60      457.65  0.55     499.82  2.44         112.73   361.36  0.85      427.32  0.76     477.18  1.11         326.41
mesh.json            0.69   295.23  0.65      454.87  0.65     452.47  2.62         112.66   346.84  0.84      413.29  0.88     395.11  1.18         294.12
mesh.pretty.json     1.50   542.52  0.61      885.65  1.01     538.41  2.81         193.05   756.84  0.84      899.11  0.88     860.81  1.18         641.48
numbers.json         0.14   402.07  0.69      586.08  0.87     462.87  3.76         106.90   302.35  0.72      420.97  0.98     310.05  1.30         232.13
random.json          0.49   307.71  0.85      360.02  1.01     303.75  2.17         141.63   795.80  0.72     1098.47  1.28     620.97  2.63         303.11
twitter.json         0.60   473.71  0.82      576.44  1.13     417.77  2.46         192.71  1538.72  0.81     1898.85  1.67     922.52  3.47         443.47
twitterescaped.json  0.54   362.74  0.74      491.51  0.93     389.64  2.22         163.69  1366.37  0.81     1688.58  1.67     815.82  3.48         393.13
update-center.json   0.51   337.01  0.64      528.16  1.02     330.03  1.97         170.74   901.10  0.85     1055.54  1.31     688.28  3.21         280.65
<average>            0.94   488.39  0.71      690.79  1.06     459.86  2.61         186.94  1121.27  0.84     1332.95  1.14     981.18  2.57         436.54
