# 2026-10-10T10:13:57+00:00 / clang++-20.1.2 (Linux x86_64) / node (boost::charconv)
# cxon/node         Size    Read     x  Boost/JSON     x  RapidJSON     x  nlohmann/JSON    Write     x  Boost/JSON     x  RapidJSON     x  nlohmann/JSON
random-u8.json      0.34   76.52  0.61      124.54  0.51     149.85  1.24          61.62   159.75  0.82      195.09  0.49     327.36  0.81         198.35
random-s8.json      0.35  107.50  0.97      111.16  0.74     145.33  1.91          56.33   138.86  0.81      171.91  0.49     284.64  0.88         158.50
random-u16.json     0.56  184.61  0.81      229.24  0.77     239.96  1.98          93.47   264.58  1.12      236.90  0.51     518.78  0.84         316.86
random-s16.json     0.59  161.98  0.85      191.32  0.76     213.07  2.04          79.29   225.08  1.08      207.46  0.53     423.79  0.89         252.86
random-u32.json     1.02  340.52  0.93      366.58  1.04     327.23  2.71         125.62   471.29  1.79      262.61  0.66     708.98  1.11         424.62
random-s32.json     1.05  271.80  0.89      303.91  0.91     300.12  2.49         109.01   471.24  1.97      238.84  0.69     683.12  1.37         344.85
random-u64.json     1.95  433.10  0.79      550.10  1.08     399.72  2.99         144.99   624.57  1.97      316.77  0.61    1026.48  1.18         529.42
random-s64.json     1.94  411.98  0.76      539.53  1.04     396.29  2.79         147.89   569.38  1.73      329.38  0.54    1060.77  1.15         494.93
random-fp32.json    1.41  207.87  0.91      229.29  0.85     243.79  3.21          64.85   234.01  1.09      213.95  1.29     181.13  1.65         141.96
random-fp64.json    2.04  280.34  0.92      305.11  1.25     224.33  3.68          76.14   368.47  1.08      340.19  1.61     229.35  1.99         185.48
random-null.json    0.48  258.68  0.97      266.03  0.55     467.49  1.84         140.36  1031.04  1.39      740.32  1.76     585.89  2.73         377.96
random-bool.json    0.52  220.59  0.96      229.52  0.65     341.77  1.71         128.72   649.94  1.57      414.62  1.60     406.33  2.12         306.31
random-string.json  4.55  338.73  1.16      293.05  1.28     263.96  2.71         124.97  1051.35  0.99     1056.70  0.91    1151.49  5.25         200.45
random-array.json   1.14   81.71  0.43      190.40  0.14     573.54  0.87          93.58   790.91  1.47      537.05  1.55     511.48  2.06         384.41
random-object.json  1.91   89.26  0.53      169.03  0.36     247.31  1.51          59.09   489.52  0.75      655.60  0.99     492.58  1.68         291.95
<average>           1.32  231.01  0.85      273.25  0.76     302.25  2.30         100.40   502.67  1.27      394.49  0.88     572.81  1.64         307.26
