# 2026-10-10T10:11:27+00:00 / clang++-20.1.2 (Linux x86_64) / native (default)
# cxon/native       Size    Read     x  Boost/JSON     x  RapidJSON      x  nlohmann/JSON    Write     x  Boost/JSON     x  RapidJSON     x  nlohmann/JSON
random-u8.json      0.34  344.79  2.77      124.26  2.26     152.50   5.57          61.90   260.23  1.32      197.62  0.79     330.28  1.32         196.84
random-s8.json      0.35  266.68  2.41      110.55  1.83     145.47   4.57          58.36   198.90  1.16      171.30  0.69     288.28  1.24         160.20
random-u16.json     0.56  610.56  2.67      228.69  2.53     241.57   6.61          92.30   419.05  1.77      236.49  0.80     522.63  1.32         318.27
random-s16.json     0.59  378.53  1.98      191.22  1.76     215.23   4.54          83.45   309.03  1.49      207.31  0.72     427.40  1.20         256.95
random-u32.json     1.02  683.76  1.87      365.51  2.09     327.35   5.45         125.39   483.15  1.86      259.80  0.68     708.00  1.16         417.73
random-s32.json     1.05  457.19  1.45      315.00  1.54     295.96   4.04         113.22   425.40  1.75      242.81  0.63     677.66  1.25         341.03
random-u64.json     1.95  718.94  1.33      538.57  1.87     385.42   5.00         143.64   623.02  1.96      317.39  0.62    1005.82  1.26         495.28
random-s64.json     1.94  685.19  1.30      528.84  1.78     384.34   4.51         151.93   576.90  1.75      329.34  0.56    1026.24  1.14         504.99
random-fp32.json    1.41  375.12  1.64      228.72  1.58     237.62   5.76          65.14   141.64  0.65      216.38  0.81     174.08  0.94         149.90
random-fp64.json    2.04  505.20  1.66      303.96  2.27     222.41   6.59          76.63   183.62  0.54      337.90  0.82     223.06  0.98         188.12
random-null.json    0.48  532.21  2.17      244.85  1.17     452.98   3.96         134.35  1033.78  1.51      686.61  1.74     595.32  2.74         376.72
random-bool.json    0.52  580.58  2.50      231.77  1.71     339.55   4.59         126.55   576.27  1.42      404.68  1.40     410.27  1.80         320.12
random-string.json  4.55  375.55  1.08      347.82  1.49     251.92   3.15         119.36  1076.77  1.00     1079.38  0.94    1141.16  5.41         199.03
random-array.json   1.14  796.95  5.10      156.23  2.30     346.50  11.07          71.98  1248.97  2.31      541.79  2.43     514.66  3.35         372.89
random-object.json  1.91  438.19  4.36      100.49  1.76     249.18   7.66          57.20   688.33  1.05      657.17  1.37     501.89  2.41         285.67
<average>           1.32  516.63  1.93      267.77  1.82     283.20   5.23          98.76   549.67  1.40      392.40  0.96     569.78  1.80         305.58
