# 2026-10-10T10:12:02+00:00 / g++-14 (Linux x86_64) / native (default)
# cxon/native       Size    Read     x  Boost/JSON     x  RapidJSON     x  nlohmann/JSON    Write     x  Boost/JSON     x  RapidJSON     x  nlohmann/JSON
random-u8.json      0.34  369.33  2.73      135.23  2.37     156.03  5.59          66.12   249.21  1.12      222.66  0.78     318.05  1.15         216.62
random-s8.json      0.35  267.68  2.29      117.00  1.86     143.55  4.44          60.29   213.67  1.23      173.35  0.80     265.87  1.23         174.36
random-u16.json     0.56  604.04  2.42      249.58  2.40     251.55  6.99          86.44   385.99  1.45      266.78  0.68     568.09  1.09         354.22
random-s16.json     0.59  394.46  2.03      194.71  1.88     209.65  4.87          80.95   295.10  1.40      210.65  0.73     406.49  1.11         264.72
random-u32.json     1.02  652.46  1.56      419.48  1.99     327.98  6.16         105.94   494.68  1.51      328.03  0.78     632.16  1.08         456.68
random-s32.json     1.05  469.42  1.46      320.73  1.68     279.12  4.73          99.20   393.52  1.57      251.12  0.66     595.24  1.14         344.12
random-u64.json     1.95  680.81  1.17      580.90  1.84     369.55  5.78         117.84   554.75  1.62      341.46  0.60     925.75  1.09         509.13
random-s64.json     1.94  729.71  1.29      567.80  2.03     360.19  5.90         123.61   549.76  1.52      362.48  0.62     886.81  1.11         496.95
random-fp32.json    1.41  398.47  1.68      237.79  1.52     262.71  6.30          63.24   144.18  0.69      208.95  0.84     170.71  0.84         171.80
random-fp64.json    2.04  529.27  1.60      330.85  2.13     248.57  6.89          76.86   190.17  0.57      336.28  0.90     210.28  0.86         220.38
random-null.json    0.48  851.53  2.94      289.96  2.09     407.61  5.07         168.12  2644.86  3.40      778.46  5.43     486.74  5.54         477.67
random-bool.json    0.52  641.67  2.70      237.25  2.23     287.17  4.74         135.31   460.45  1.20      385.20  1.13     409.27  1.29         357.90
random-string.json  4.55  385.42  1.08      355.72  1.11     346.64  2.95         130.53   979.52  1.22      805.77  1.05     932.52  4.12         237.64
random-array.json   1.14  675.29  4.08      165.43  2.08     325.39  8.63          78.21   695.09  1.07      648.32  1.68     413.01  1.83         379.84
random-object.json  1.91  575.26  5.03      114.47  1.28     448.25  8.52          67.50   562.23  0.84      671.79  1.28     439.87  1.87         300.78
<average>           1.32  548.32  1.91      287.79  1.86     294.93  5.63          97.34   587.55  1.47      399.42  1.15     510.72  1.78         330.85
