# 2026-10-03T09:30:34+00:00 / g++-14 (Linux x86_64) / node (boost::charconv)
# cxon/node          Size     Read     x  Boost/JSON     x  RapidJSON     x  nlohmann/JSON    Write     x  Boost/JSON     x  RapidJSON      x  nlohmann/JSON
blns.json            0.03   339.74  0.80      426.05  0.49     688.59  2.62         129.76   871.20  0.57     1519.42  0.97     902.15   2.29         381.04
emoji.json           0.39   364.27  0.94      386.99  0.73     500.82  3.36         108.40   688.72  0.73      942.91  0.97     709.10   1.97         349.43
apache_builds.json   0.12   476.51  0.89      535.60  0.82     584.08  3.75         127.13  1068.08  0.60     1788.60  0.87    1222.10   2.74         390.29
canada.json          2.15   248.16  0.69      362.27  1.00     247.47  3.55          69.85   339.46  0.80      422.63  1.66     204.40   1.50         226.03
citm_catalog.json    1.65   609.20  0.63      962.08  0.56    1085.40  3.76         162.20  1543.38  0.83     1862.66  0.74    2094.43   1.52        1015.81
github_events.json   0.06   602.23  0.89      679.60  0.96     625.65  5.20         115.77  1213.70  0.73     1670.80  0.96    1263.14   3.20         379.45
gsoc-2018.json       3.17  1069.35  0.76     1403.63  1.74     613.87  8.10         131.97  2138.22  1.38     1550.71  0.92    2317.24  10.07         212.33
instruments.json     0.21   397.74  0.73      542.33  0.55     724.30  3.19         124.71   895.83  0.63     1428.57  0.76    1179.63   1.64         546.40
marine_ik.json       2.85   252.71  0.66      382.58  0.55     460.71  2.98          84.68   275.39  0.85      324.88  0.84     327.46   0.97         283.20
mesh.json            0.69   288.81  0.78      369.48  0.74     392.16  3.59          80.36   255.15  0.77      332.22  0.95     269.15   1.02         250.71
mesh.pretty.json     1.50   524.32  0.72      723.78  1.10     475.19  4.17         125.87   564.40  0.81      696.08  0.96     585.78   1.03         546.04
numbers.json         0.14   368.58  0.81      453.46  0.90     407.30  5.01          73.52   260.83  0.82      316.56  1.30     200.36   1.27         206.01
random.json          0.49   264.95  0.93      284.52  0.60     444.81  2.70          98.00   585.97  0.66      885.71  1.03     570.17   1.96         298.65
twitter.json         0.60   438.49  0.97      453.63  0.76     573.41  3.58         122.33  1066.55  0.70     1515.74  1.06    1005.49   2.52         422.59
twitterescaped.json  0.54   327.50  0.79      413.15  0.53     615.27  3.07         106.71   993.06  0.74     1343.64  1.10     901.09   2.63         377.24
update-center.json   0.51   299.50  0.68      440.28  0.63     478.48  3.23          92.69   699.21  0.77      902.97  0.97     724.17   2.79         250.25
<average>            0.94   429.50  0.78      551.22  0.77     557.35  3.92         109.62   841.20  0.77     1094.01  0.93     904.74   2.19         383.47
