# 2026-10-10T10:10:51+00:00 / g++-14 (Linux x86_64) / native (default)
# cxon/native        Size     Read     x  Boost/JSON     x  RapidJSON      x  nlohmann/JSON    Write     x  Boost/JSON     x  RapidJSON     x  nlohmann/JSON
blns.json            0.03   474.06  0.90      524.97  1.13     419.29   3.26         145.48  1226.20  0.81     1521.65  1.30     942.20  3.12         393.50
emoji.json           0.39   487.52  1.27      383.50  0.96     509.71   4.04         120.70   982.91  0.99      991.78  1.54     638.81  2.58         381.65
apache_builds.json   0.12   656.35  1.29      507.48  1.26     518.85   4.51         145.54  1489.83  0.95     1573.39  1.40    1061.14  3.51         424.05
canada.json          2.15   800.44  2.17      369.56  3.11     257.72  11.24          71.21   220.57  0.53      420.11  0.90     245.75  0.87         254.55
citm_catalog.json    1.65  1138.99  1.18      961.79  1.01    1130.04   5.48         208.02  2600.25  1.24     2102.35  1.41    1846.87  2.27        1145.58
github_events.json   0.06   842.52  1.39      607.31  1.65     511.73   6.04         139.51  1829.30  1.03     1777.01  1.57    1162.79  4.68         390.99
gsoc-2018.json       3.17   966.93  0.73     1321.90  2.08     464.21   5.86         165.10  2107.75  1.45     1456.03  1.16    1810.82  8.60         245.03
instruments.json     0.21  1052.88  2.00      525.27  1.54     685.19   7.18         146.65  1712.88  1.07     1602.96  1.65    1040.78  2.67         642.66
marine_ik.json       2.85   534.26  1.46      364.75  1.17     456.93   5.98          89.38   224.72  0.69      324.25  0.58     390.74  0.70         322.24
mesh.json            0.69   675.03  1.85      364.00  1.71     394.12   7.82          86.33   225.01  0.67      335.60  0.73     307.07  0.77         292.59
mesh.pretty.json     1.50  1002.24  1.38      726.38  2.09     480.00   6.83         146.76   490.59  0.67      732.16  0.72     678.74  0.77         636.68
numbers.json         0.14   761.21  1.63      466.05  1.85     412.17   9.38          81.15   191.38  0.62      306.53  0.83     231.68  0.82         234.55
random.json          0.49   486.90  1.71      284.80  1.12     433.69   4.71         103.27   899.74  0.95      947.50  1.57     572.82  2.89         311.27
twitter.json         0.60   805.15  1.74      462.81  1.66     484.32   5.71         141.02  1826.02  1.10     1665.37  1.95     936.04  4.18         437.22
twitterescaped.json  0.54   530.19  1.29      411.81  1.04     510.66   4.40         120.48  1617.08  1.09     1486.85  1.97     822.82  4.16         388.75
update-center.json   0.51   590.92  1.35      437.21  1.40     422.83   5.40         109.46   922.66  1.00      924.52  1.37     672.15  3.41         270.90
<average>            0.94   737.85  1.35      544.98  1.46     505.72   5.84         126.25  1160.43  1.02     1135.50  1.39     835.08  2.74         423.26
