# 2026-10-10T10:14:19+00:00 / g++-14 (Linux x86_64) / node (boost::charconv)
# cxon/node         Size    Read     x  Boost/JSON     x  RapidJSON     x  nlohmann/JSON   Write     x  Boost/JSON     x  RapidJSON     x  nlohmann/JSON
random-u8.json      0.34   78.31  0.58      134.55  0.50     156.09  1.21          64.90  165.39  0.76      216.97  0.52     316.43  0.77         215.74
random-s8.json      0.35  102.23  0.89      115.50  0.72     142.19  1.76          58.04  143.28  0.84      171.14  0.55     261.82  0.82         174.05
random-u16.json     0.56  190.12  0.77      248.31  0.75     251.90  2.20          86.57  266.27  1.01      263.59  0.46     575.32  0.75         355.43
random-s16.json     0.59  168.83  0.86      196.09  0.80     211.46  2.18          77.50  228.23  1.09      208.80  0.56     406.14  0.87         263.33
random-u32.json     1.02  291.88  0.69      420.66  0.90     324.75  2.77         105.33  493.17  1.71      287.65  0.78     631.48  1.08         456.92
random-s32.json     1.05  251.57  0.78      321.32  0.89     282.56  2.60          96.79  402.89  1.61      249.85  0.68     596.63  1.17         345.42
random-u64.json     1.95  424.72  0.73      578.74  1.13     375.57  3.61         117.56  590.91  1.74      340.33  0.63     943.12  1.16         511.00
random-s64.json     1.94  425.53  0.75      570.52  1.18     359.45  3.55         119.96  559.62  1.56      359.42  0.62     898.50  1.12         498.72
random-fp32.json    1.41  232.00  0.98      237.63  0.88     262.89  3.74          61.97  229.05  1.10      208.22  1.34     170.94  1.28         178.38
random-fp64.json    2.04  297.79  0.90      329.20  1.19     249.79  3.93          75.72  359.42  1.07      337.22  1.74     206.86  1.59         226.29
random-null.json    0.48  258.30  0.89      289.11  0.61     422.23  1.54         168.07  653.65  0.85      766.83  1.34     486.18  1.51         432.64
random-bool.json    0.52  200.99  0.84      238.23  0.70     288.45  1.48         135.61  402.83  1.05      385.25  0.98     412.47  1.22         330.03
random-string.json  4.55  371.65  1.17      316.79  1.04     358.65  2.84         130.68  915.98  1.10      834.72  0.98     936.77  3.89         235.25
random-array.json   1.14   96.29  0.38      254.35  0.21     467.90  1.02          94.73  505.74  0.77      653.43  1.22     415.53  1.26         400.91
random-object.json  1.91  108.23  0.59      184.96  0.24     452.69  1.13          95.49  407.91  0.63      650.19  0.92     441.77  1.33         307.35
<average>           1.32  233.23  0.79      295.73  0.76     307.10  2.35          99.26  421.62  1.07      395.57  0.82     513.33  1.28         328.76
