# 2026-10-03T09:27:36+00:00 / g++-14 (Linux x86_64) / node (default)
# cxon/node          Size     Read     x  Boost/JSON     x  RapidJSON     x  nlohmann/JSON    Write     x  Boost/JSON     x  RapidJSON     x  nlohmann/JSON
blns.json            0.03   361.41  0.85      425.84  0.51     703.77  2.77         130.57   872.05  0.57     1522.09  0.92     946.33  2.24         389.46
emoji.json           0.39   378.86  0.96      394.76  0.76     501.08  3.65         103.79   673.34  0.73      921.68  0.95     710.08  1.95         345.91
apache_builds.json   0.12   492.20  0.92      537.07  0.84     583.12  3.94         125.02  1081.91  0.61     1783.34  0.84    1287.41  2.79         388.21
canada.json          2.15   259.67  0.72      363.17  1.05     248.23  3.76          69.05   183.72  0.43      423.13  0.86     214.44  0.81         227.82
citm_catalog.json    1.65   623.45  0.63      983.16  0.56    1119.86  3.96         157.40  1630.63  0.85     1927.09  0.76    2150.04  1.53        1064.48
github_events.json   0.06   646.96  0.95      683.88  1.06     609.78  5.64         114.63  1284.86  0.79     1618.52  1.00    1284.09  3.35         383.51
gsoc-2018.json       3.17  1105.85  0.78     1422.70  1.80     614.75  8.49         130.20  2099.10  1.32     1585.64  0.89    2357.38  9.57         219.27
instruments.json     0.21   417.55  0.77      542.72  0.58     724.96  3.55         117.71  1120.66  0.79     1425.76  0.97    1159.56  2.06         544.67
marine_ik.json       2.85   264.18  0.69      385.43  0.57     461.49  3.23          81.75   204.97  0.63      324.87  0.57     361.10  0.72         286.05
mesh.json            0.69   300.95  0.82      366.42  0.77     392.28  3.74          80.42   190.03  0.57      331.12  0.66     287.14  0.76         248.62
mesh.pretty.json     1.50   542.63  0.74      730.38  1.14     474.79  4.36         124.47   414.03  0.58      713.17  0.66     626.08  0.76         541.78
numbers.json         0.14   388.58  0.85      455.73  0.95     407.14  5.34          72.73   166.39  0.52      318.01  0.77     216.82  0.81         204.72
random.json          0.49   277.71  0.97      287.74  0.63     440.63  2.84          97.69   619.29  0.70      882.71  1.06     586.20  2.06         301.03
twitter.json         0.60   467.54  1.03      455.78  0.80     584.07  4.00         116.94  1132.36  0.75     1509.00  1.09    1037.28  2.64         429.10
twitterescaped.json  0.54   324.04  0.78      416.56  0.52     624.16  3.04         106.43  1006.73  0.76     1326.80  1.10     918.86  2.64         380.65
update-center.json   0.51   317.97  0.71      445.90  0.66     482.34  3.48          91.31   690.82  0.77      898.05  0.89     778.42  2.73         252.82
<average>            0.94   448.10  0.81      556.08  0.80     560.78  4.17         107.51   835.68  0.76     1094.44  0.90     932.58  2.15         388.01
