# 2026-10-03T09:28:50+00:00 / g++-14 (Linux x86_64) / node (default)
# cxon/node         Size    Read     x  Boost/JSON     x  RapidJSON     x  nlohmann/JSON   Write     x  Boost/JSON     x  RapidJSON     x  nlohmann/JSON
random-u8.json      0.34   65.99  0.51      129.49  0.46     142.42  1.14          57.67  175.25  0.99      176.26  0.54     325.75  0.94         185.85
random-s8.json      0.35   98.07  0.88      111.97  0.74     131.69  1.76          55.68  145.07  0.86      167.78  0.53     272.87  0.97         149.64
random-u16.json     0.56  189.51  0.84      225.64  0.82     230.48  2.44          77.73  283.21  1.19      238.31  0.49     583.71  0.91         311.46
random-s16.json     0.59  170.46  0.92      185.37  0.88     193.50  2.38          71.75  207.39  1.04      200.27  0.49     424.26  0.86         239.96
random-u32.json     1.02  290.79  0.76      382.69  0.88     330.03  3.20          90.96  445.85  1.65      270.33  0.70     639.42  1.07         415.49
random-s32.json     1.05  258.67  0.84      308.23  0.91     282.99  3.03          85.51  329.91  1.38      238.55  0.52     632.36  1.05         313.34
random-u64.json     1.95  422.16  0.82      515.91  1.07     395.36  4.38          96.46  517.59  1.57      329.81  0.64     803.76  1.02         507.81
random-s64.json     1.94  415.34  0.81      515.81  1.08     384.71  4.12         100.87  476.38  1.34      355.67  0.59     810.55  0.98         484.76
random-fp32.json    1.41  242.75  1.10      219.83  1.00     241.67  4.10          59.16  115.59  0.58      198.95  0.74     155.39  0.77         150.91
random-fp64.json    2.04  307.55  0.99      311.97  1.35     228.63  4.51          68.14  185.85  0.58      321.67  0.95     194.90  0.95         196.20
random-null.json    0.48  285.56  1.19      239.48  0.82     349.98  2.02         141.19  388.08  0.53      732.67  0.55     701.10  1.08         357.80
random-bool.json    0.52  257.63  1.19      215.69  0.90     285.28  2.19         117.73  330.22  0.89      372.42  0.77     426.41  1.20         275.01
random-string.json  4.55  342.16  1.29      265.11  0.93     369.03  3.36         101.96  887.49  0.91      977.90  0.88    1011.57  3.86         229.85
random-array.json   1.14   84.09  0.33      251.94  0.16     522.41  0.94          89.45  367.57  0.54      680.92  0.64     572.45  1.04         354.80
random-object.json  1.91   91.63  0.58      159.27  0.20     458.87  1.63          56.30  389.32  1.30      298.65  0.62     632.99  1.32         294.78
<average>           1.32  234.82  0.87      269.23  0.77     303.14  2.77          84.70  349.65  0.94      370.68  0.64     545.83  1.17         297.85
