# 2026-10-03T09:31:12+00:00 / g++-14 (Linux x86_64) / native (boost::charconv)
# cxon/native        Size     Read     x  Boost/JSON     x  RapidJSON      x  nlohmann/JSON    Write     x  Boost/JSON     x  RapidJSON     x  nlohmann/JSON
blns.json            0.03   383.35  0.90      424.38  0.80     478.50   3.17         120.75   957.16  0.68     1413.26  0.99     971.54  2.60         368.72
emoji.json           0.39   580.49  1.52      382.66  1.16     501.45   5.40         107.47  1017.98  1.10      928.39  1.43     712.81  2.88         353.34
apache_builds.json   0.12   621.93  1.20      519.13  1.06     584.58   4.88         127.57  1459.57  0.79     1842.72  1.13    1292.20  3.73         391.19
canada.json          2.15   715.03  1.97      362.56  2.89     247.69  10.25          69.77   375.65  0.89      422.33  1.73     217.62  1.66         226.39
citm_catalog.json    1.65  1263.56  1.30      973.30  1.12    1125.04   7.52         167.93  2582.98  1.33     1945.23  1.23    2101.48  2.45        1054.31
github_events.json   0.06   836.88  1.51      556.04  1.33     630.93   7.19         116.39  1679.39  0.99     1692.20  1.31    1285.41  4.39         382.35
gsoc-2018.json       3.17   792.07  0.57     1392.93  1.29     613.81   6.01         131.82  1978.03  1.26     1565.21  0.89    2224.04  9.08         217.82
instruments.json     0.21  1025.73  1.94      529.13  1.42     724.67   8.14         126.00  1383.37  0.96     1446.65  1.17    1183.49  2.53         547.62
marine_ik.json       2.85   591.99  1.55      383.02  1.28     462.27   7.00          84.53   348.91  1.07      326.63  0.97     358.46  1.20         289.99
mesh.json            0.69   718.64  1.95      369.23  1.83     392.63   8.95          80.31   309.16  0.93      331.84  1.07     290.01  1.23         251.36
mesh.pretty.json     1.50  1078.16  1.48      728.41  2.27     475.13   8.55         126.10   672.11  0.94      714.27  1.06     631.15  1.23         547.51
numbers.json         0.14   732.68  1.61      454.06  1.80     407.68   9.96          73.56   283.01  0.89      316.48  1.30     217.88  1.37         206.16
random.json          0.49   496.68  1.77      280.99  1.12     443.80   5.06          98.09   812.01  0.91      889.25  1.39     584.31  2.70         301.00
twitter.json         0.60   782.62  1.73      451.26  1.39     564.18   6.42         121.85  1810.32  1.22     1488.99  1.78    1014.96  4.26         425.14
twitterescaped.json  0.54   486.64  1.18      413.29  0.78     626.91   4.45         109.25  1614.16  1.20     1341.48  1.79     904.27  4.27         378.02
update-center.json   0.51   589.34  1.34      441.27  1.23     479.83   6.48          91.02   910.39  1.01      899.82  1.20     756.08  3.64         249.95
<average>            0.94   730.99  1.35      541.35  1.34     547.45   6.67         109.52  1137.14  1.04     1097.80  1.23     921.61  2.94         386.93
