# 2026-10-10T10:14:53+00:00 / g++-14 (Linux x86_64) / native (boost::charconv)
# cxon/native       Size    Read     x  Boost/JSON     x  RapidJSON     x  nlohmann/JSON    Write     x  Boost/JSON     x  RapidJSON     x  nlohmann/JSON
random-u8.json      0.34  348.21  2.61      133.33  2.23     155.92  5.34          65.19   241.91  1.09      221.75  0.77     315.76  1.13         214.08
random-s8.json      0.35  267.67  2.31      115.68  1.87     142.98  4.62          57.99   199.51  1.16      172.35  0.76     262.51  1.15         173.76
random-u16.json     0.56  689.56  2.81      245.30  2.77     249.07  7.98          86.41   355.15  1.33      266.29  0.62     573.74  1.00         356.05
random-s16.json     0.59  403.80  2.07      194.67  1.92     210.09  5.24          77.13   316.76  1.50      210.76  0.78     406.57  1.21         261.97
random-u32.json     1.02  819.22  1.97      416.49  2.53     323.61  7.74         105.86   516.49  1.80      287.64  0.82     631.73  1.13         455.79
random-s32.json     1.05  578.86  1.81      319.60  2.08     278.41  6.07          95.32   468.95  1.87      251.09  0.79     595.73  1.36         343.94
random-u64.json     1.95  827.99  1.44      576.29  2.20     376.44  7.03         117.75   672.83  1.97      342.08  0.73     922.50  1.31         513.63
random-s64.json     1.94  956.32  1.70      563.84  2.65     361.56  7.98         119.82   609.69  1.68      362.45  0.69     883.80  1.22         501.52
random-fp32.json    1.41  385.58  1.63      237.21  1.44     267.07  6.22          61.94   276.89  1.33      208.38  1.63     169.49  1.60         173.25
random-fp64.json    2.04  523.10  1.58      330.09  2.08     251.56  6.92          75.56   345.47  1.03      336.17  1.68     206.09  1.56         220.97
random-null.json    0.48  805.10  2.84      283.75  1.87     431.08  4.81         167.54  2613.52  3.40      767.60  5.36     487.54  6.06         431.12
random-bool.json    0.52  653.28  2.77      235.66  2.27     288.21  4.84         134.85   459.29  1.20      383.42  1.13     406.59  1.29         356.35
random-string.json  4.55  385.34  1.08      355.93  1.12     343.36  2.95         130.49   954.75  1.17      814.88  1.05     911.08  3.92         243.30
random-array.json   1.14  652.55  3.95      165.29  1.97     331.75  8.37          77.92   695.35  1.08      642.29  1.68     413.03  1.75         397.84
random-object.json  1.91  604.38  5.24      115.44  1.36     443.56  9.05          66.75   567.79  0.87      655.42  1.28     444.21  1.85         307.15
<average>           1.32  593.40  2.08      285.90  2.00     296.98  6.18          96.03   619.62  1.57      394.84  1.22     508.69  1.88         330.05
