# 2026-10-10T10:09:20+00:00 / msvc++-19.51.36260.0 (MINGW64_NT-10.0-26100 x86_64) / node (default)
# cxon/node          Size    Read     x  Boost/JSON     x  RapidJSON     x  nlohmann/JSON    Write     x  Boost/JSON     x  RapidJSON     x  nlohmann/JSON
blns.json            0.03  361.97  0.84      429.65  1.13     319.90  3.14         115.29   940.34  0.99      947.08  0.88    1065.46  3.11         301.98
emoji.json           0.41  185.48  0.82      225.78  0.62     297.14  2.05          90.62   724.04  0.87      836.67  0.94     774.11  2.25         321.75
apache_builds.json   0.13  274.46  0.94      292.49  0.84     327.58  2.67         102.79   998.36  0.78     1273.12  0.72    1378.63  3.21         311.49
canada.json          2.15   93.95  0.33      286.41  0.40     233.16  1.64          57.33   198.45  0.57      349.55  0.78     254.88  0.98         203.13
citm_catalog.json    1.70  351.21  0.66      528.91  0.48     732.11  2.06         170.68  1946.74  0.84     2330.50  0.93    2082.96  1.97         987.26
github_events.json   0.06  343.84  0.94      366.49  1.08     317.04  3.13         109.76  1026.53  0.92     1118.86  0.69    1492.69  3.41         301.09
gsoc-2018.json       3.20  634.88  0.90      707.16  1.64     387.25  4.63         137.10  1363.44  1.39      978.45  1.11    1231.09  7.50         181.78
instruments.json     0.22  268.54  0.74      362.36  0.62     432.68  2.07         129.57  1039.35  0.73     1432.43  0.87    1196.70  1.93         537.47
marine_ik.json       2.89  122.76  0.49      250.31  0.35     346.72  1.67          73.38   229.73  0.75      308.26  0.58     398.22  0.99         233.18
mesh.json            0.69  136.29  0.44      308.50  0.39     347.70  2.08          65.37   255.06  0.68      375.30  0.73     351.08  0.87         292.05
mesh.pretty.json     1.58  263.43  0.36      729.67  0.54     486.92  2.26         116.64   573.56  0.68      844.94  0.71     803.33  0.86         667.40
numbers.json         0.14  127.60  0.29      442.16  0.35     360.36  2.06          62.06   257.36  0.83      310.10  0.91     283.79  0.96         268.06
random.json          0.51  171.35  0.83      205.54  0.58     293.42  1.81          94.43   765.15  0.89      860.78  1.11     690.45  2.57         298.15
twitter.json         0.62  334.66  1.11      301.74  0.90     371.61  2.60         128.81  1137.79  0.79     1433.93  1.00    1143.48  2.97         382.51
twitterescaped.json  0.54  263.34  0.83      316.40  0.75     352.40  2.31         114.17   974.30  0.78     1250.53  0.98     994.17  2.91         334.97
update-center.json   0.51  250.40  1.07      234.82  0.88     285.63  2.61          96.07   709.22  0.94      753.69  0.92     771.24  3.44         206.39
<average>            0.96  261.51  0.70      374.27  0.71     368.23  2.51         104.00   821.21  0.85      962.76  0.88     932.02  2.25         364.29
