# 2026-10-10T10:12:53+00:00 / msvc++-19.51.36260.0 (MINGW64_NT-10.0-26100 x86_64) / node (boost::charconv)
# cxon/node          Size    Read     x  Boost/JSON     x  RapidJSON     x  nlohmann/JSON    Write     x  Boost/JSON     x  RapidJSON     x  nlohmann/JSON
blns.json            0.03  366.48  0.85      431.05  1.19     308.69  3.24         113.26   937.00  1.04      898.76  0.86    1091.88  2.97         315.32
emoji.json           0.41  186.72  0.83      226.19  0.64     290.33  2.07          90.09   781.89  0.91      854.73  0.95     821.82  2.40         326.06
apache_builds.json   0.13  273.68  0.95      287.23  0.90     305.21  2.68         102.02  1021.91  0.87     1168.31  0.73    1392.39  2.94         347.42
canada.json          2.15  149.97  0.52      290.33  0.65     230.02  2.74          54.74   293.48  0.80      365.68  1.14     258.52  1.20         245.03
citm_catalog.json    1.70  365.10  0.69      526.40  0.55     667.23  2.48         147.31  1937.51  0.85     2291.90  0.88    2204.00  1.96         990.37
github_events.json   0.06  346.10  0.95      363.55  1.21     286.93  3.31         104.63  1048.58  0.93     1126.81  0.70    1499.75  3.16         332.14
gsoc-2018.json       3.20  629.58  0.88      716.63  1.98     318.09  4.19         150.24  1404.31  1.27     1107.46  1.13    1240.58  7.00         200.73
instruments.json     0.22  267.45  0.74      360.24  0.73     364.63  2.44         109.62  1009.99  0.72     1410.21  0.83    1215.37  1.81         556.74
marine_ik.json       2.89  147.29  0.51      291.48  0.42     350.09  2.13          69.12   250.39  0.80      311.97  0.63     399.49  1.04         239.87
mesh.json            0.69  208.43  0.62      333.76  0.59     350.99  3.10          67.17   280.86  0.75      373.88  0.80     351.02  0.97         289.58
mesh.pretty.json     1.58  376.82  0.52      724.44  0.86     440.33  3.27         115.12   637.52  0.74      856.99  0.79     802.46  0.96         661.34
numbers.json         0.14  278.22  0.64      433.98  0.68     406.51  4.50          61.84   293.59  0.86      342.84  1.03     284.92  1.20         245.58
random.json          0.51  167.81  0.81      208.09  0.59     285.65  1.87          89.65   744.50  0.88      844.95  1.06     702.66  2.51         297.03
twitter.json         0.62  304.94  0.85      357.92  0.88     347.24  2.43         125.45  1130.70  0.82     1378.67  0.99    1145.82  2.90         390.24
twitterescaped.json  0.54  225.00  0.84      268.03  0.70     322.70  2.28          98.51   990.86  0.82     1212.10  0.99    1000.47  2.89         342.28
update-center.json   0.51  217.71  0.80      272.23  0.83     261.95  2.27          95.91   733.15  0.98      749.42  0.94     777.49  3.42         214.29
<average>            0.96  281.95  0.74      380.72  0.81     346.04  2.83          99.67   843.52  0.88      955.92  0.89     949.29  2.25         374.63
