# 2026-10-10T10:13:32+00:00 / msvc++-19.51.36260.0 (MINGW64_NT-10.0-26100 x86_64) / native (boost::charconv)
# cxon/native        Size     Read     x  Boost/JSON     x  RapidJSON     x  nlohmann/JSON    Write     x  Boost/JSON     x  RapidJSON     x  nlohmann/JSON
blns.json            0.03   426.18  0.99      431.05  1.36     312.33  3.75         113.60   957.37  0.95     1004.69  0.87    1096.41  2.93         326.22
emoji.json           0.41   455.83  2.04      223.97  1.57     290.66  5.01          91.07  1114.06  1.30      859.36  1.36     819.21  3.36         331.17
apache_builds.json   0.13   727.65  2.49      291.94  2.38     305.36  7.06         103.03  1254.68  1.06     1188.20  0.90    1389.31  3.63         345.89
canada.json          2.15   535.38  1.87      286.70  2.33     229.81  9.81          54.58   440.74  1.19      369.20  1.70     258.91  1.86         237.13
citm_catalog.json    1.70   965.99  1.85      522.73  1.29     749.01  5.90         163.75  3030.87  1.33     2270.72  1.38    2189.77  6.83         443.89
github_events.json   0.06   647.34  1.76      367.76  2.26     286.02  6.00         107.87  1248.81  1.12     1116.89  0.83    1496.21  3.37         370.67
gsoc-2018.json       3.20   895.39  1.26      712.77  2.82     317.59  6.06         147.78  1483.59  1.34     1103.85  1.18    1254.34  7.55         196.47
instruments.json     0.22   960.21  3.11      308.61  2.36     407.39  7.52         127.65  1233.23  0.89     1391.32  1.01    1225.61  2.29         538.00
marine_ik.json       2.89   440.71  1.80      244.80  1.55     285.05  6.81          64.73   351.16  1.29      272.23  0.92     379.69  1.34         262.49
mesh.json            0.69   570.59  1.87      305.63  1.73     328.92  9.51          60.02   334.99  0.90      373.11  0.96     349.46  1.15         291.35
mesh.pretty.json     1.58  1010.87  1.56      646.64  2.36     428.02  9.75         103.68   776.56  0.91      852.21  0.97     798.14  1.19         650.33
numbers.json         0.14   507.88  1.19      426.49  1.28     396.71  9.85          51.55   308.09  0.97      317.59  1.09     283.73  1.16         266.17
random.json          0.51   330.46  1.90      173.68  1.16     285.75  4.71          70.22   938.51  1.11      847.66  1.34     699.60  3.11         301.32
twitter.json         0.62   671.30  2.09      321.76  1.95     344.15  5.46         123.05  1639.27  1.20     1361.03  1.45    1126.77  4.30         381.22
twitterescaped.json  0.54   399.12  1.63      244.32  1.24     321.54  4.09          97.55  1358.89  1.15     1181.39  1.38     986.85  4.21         322.47
update-center.json   0.51   441.23  1.64      269.01  1.68     262.43  4.99          88.40   856.46  1.18      727.02  1.12     763.02  3.97         215.94
<average>            0.96   624.13  1.73      361.12  1.80     346.92  6.37          98.03  1082.95  1.14      952.28  1.15     944.81  3.16         342.55
