# 2026-10-10T10:14:11+00:00 / msvc++-19.51.36260.0 (MINGW64_NT-10.0-26100 x86_64) / node (boost::charconv)
# cxon/node         Size    Read     x  Boost/JSON     x  RapidJSON     x  nlohmann/JSON   Write     x  Boost/JSON     x  RapidJSON     x  nlohmann/JSON
random-u8.json      0.34   64.22  0.55      117.79  0.67      96.13  1.54          41.62  171.43  0.67      255.37  0.52     332.76  0.81         211.19
random-s8.json      0.35   61.85  0.57      109.37  0.63      98.34  1.35          45.90  141.49  0.61      233.42  0.49     291.55  0.78         181.76
random-u16.json     0.56  111.26  0.47      237.08  0.67     166.55  1.69          65.68  289.45  0.65      443.00  0.53     548.20  0.83         347.42
random-s16.json     0.59  115.27  0.59      196.42  0.68     168.98  1.90          60.64  232.85  0.67      345.40  0.52     445.53  0.84         276.22
random-u32.json     1.02  186.66  0.50      369.84  0.64     290.37  2.09          89.47  444.74  0.82      539.18  0.83     536.80  1.10         404.09
random-s32.json     1.05  177.98  0.53      334.97  0.78     227.33  2.00          89.02  354.62  0.83      428.87  0.65     546.56  0.99         359.97
random-u64.json     1.95  307.22  0.51      600.21  0.81     379.21  2.37         129.77  579.76  0.79      736.46  1.01     575.05  1.26         461.63
random-s64.json     1.94  304.72  0.52      583.51  0.84     362.64  2.42         125.76  546.05  0.69      789.73  0.92     593.55  1.18         463.01
random-fp32.json    1.41  182.00  0.72      251.46  0.75     243.37  3.06          59.50  227.60  0.99      230.27  1.29     176.91  1.16         196.10
random-fp64.json    2.04  251.54  0.71      352.37  1.09     230.01  3.70          67.98  363.70  0.89      410.60  1.69     215.50  1.46         249.42
random-null.json    0.48  129.47  0.50      260.45  0.39     336.10  1.14         113.62  546.83  0.47     1161.60  0.82     666.53  1.31         416.31
random-bool.json    0.52  130.75  0.61      212.66  0.49     266.82  1.26         104.07  392.00  0.64      614.16  0.93     420.03  1.16         338.05
random-string.json  4.55  290.68  1.10      263.67  1.21     239.42  2.86         101.47  656.10  0.98      670.37  0.84     784.69  3.96         165.54
random-array.json   1.14   59.13  0.43      136.60  0.23     259.19  1.12          52.74  252.60  0.41      623.28  0.51     491.06  0.79         319.63
random-object.json  1.91   72.10  0.80       90.60  0.35     207.55  1.42          50.78  178.51  0.47      382.08  0.46     390.81  1.83          97.73
<average>           1.32  162.99  0.59      274.47  0.68     238.13  2.04          79.87  358.51  0.68      524.25  0.77     467.70  1.20         299.20
