# 2026-10-10T10:11:15+00:00 / msvc++-19.51.36260.0 (MINGW64_NT-10.0-26100 x86_64) / native (default)
# cxon/native       Size    Read     x  Boost/JSON     x  RapidJSON      x  nlohmann/JSON    Write     x  Boost/JSON     x  RapidJSON     x  nlohmann/JSON
random-u8.json      0.34  410.04  3.52      116.48  3.81     107.72   9.34          43.92   283.65  1.12      253.10  0.86     330.16  1.31         215.86
random-s8.json      0.35  277.45  2.52      110.28  2.59     107.17   6.39          43.44   238.01  1.07      222.40  0.84     284.88  1.35         176.42
random-u16.json     0.56  624.59  2.68      233.25  3.47     179.88   9.02          69.28   412.16  0.97      423.14  0.76     538.98  1.17         353.38
random-s16.json     0.59  378.69  1.90      199.63  2.23     169.62   5.61          67.49   341.92  1.01      338.74  0.80     429.13  1.26         271.96
random-u32.json     1.02  554.72  1.34      415.17  1.94     285.47   5.63          98.52   532.54  0.99      538.58  1.01     527.30  1.10         483.81
random-s32.json     1.05  522.08  1.54      338.05  2.11     247.02   5.58          93.60   434.97  1.01      430.51  0.82     528.39  1.13         385.39
random-u64.json     1.95  602.55  1.01      596.06  1.60     377.42   4.84         124.38   527.02  0.71      745.06  0.92     575.44  1.14         462.59
random-s64.json     1.94  743.56  1.27      584.25  2.07     359.90   5.88         126.37   626.94  0.78      800.35  1.04     600.76  1.36         460.88
random-fp32.json    1.41  168.82  0.67      251.69  0.68     247.12   2.79          60.53   158.62  0.68      232.81  0.91     173.79  0.84         188.09
random-fp64.json    2.04  169.38  0.48      353.60  0.72     236.20   2.47          68.66   220.17  0.53      411.70  1.03     213.78  0.87         252.39
random-null.json    0.48  918.76  3.63      253.14  2.70     340.17   8.32         110.48  1969.59  1.76     1116.19  3.03     650.35  4.39         448.96
random-bool.json    0.52  493.85  2.33      211.76  1.91     258.13   4.53         109.13   512.50  0.85      602.38  1.24     414.22  1.48         346.45
random-string.json  4.55  329.24  1.25      264.08  1.31     251.40   3.16         104.11   709.69  1.12      634.24  0.88     803.96  4.43         160.28
random-array.json   1.14  677.71  4.97      136.30  2.44     277.39  12.84          52.79  1370.39  2.03      674.29  2.83     484.34  4.45         308.05
random-object.json  1.91  594.61  6.62       89.76  2.77     214.33  11.92          49.89   838.03  3.40      246.45  2.13     394.13  8.30         100.94
<average>           1.32  497.74  1.80      276.90  2.04     243.93   6.11          81.51   611.75  1.20      511.33  1.32     463.31  1.99         307.70
