# 2026-10-03T09:29:46+00:00 / msvc++-19.51.36260.0 (MINGW64_NT-10.0-26100 x86_64) / node (default)
# cxon/node         Size    Read     x  Boost/JSON     x  RapidJSON     x  nlohmann/JSON   Write     x  Boost/JSON     x  RapidJSON     x  nlohmann/JSON
random-u8.json      0.34   58.97  0.58      101.64  0.70      84.00  1.74          33.97  156.62  0.72      218.05  0.61     256.06  0.92         170.58
random-s8.json      0.35   58.26  0.59       99.37  0.68      85.44  1.73          33.76  135.95  0.72      189.62  0.58     235.32  0.90         151.20
random-u16.json     0.56  101.03  0.52      193.66  0.77     131.34  1.93          52.43  255.87  0.70      363.28  0.63     408.77  0.85         300.64
random-s16.json     0.59  101.54  0.58      174.31  0.81     125.07  2.03          50.01  213.18  0.71      301.54  0.62     344.33  0.91         234.54
random-u32.json     1.02  172.19  0.48      357.23  0.75     230.31  2.41          71.34  344.32  0.74      467.36  0.81     427.49  0.82         422.38
random-s32.json     1.05  165.34  0.58      284.42  0.91     181.59  2.47          66.97  276.69  0.72      385.52  0.63     435.90  0.82         339.47
random-u64.json     1.95  277.30  0.52      529.38  1.04     266.43  3.09          89.67  395.48  0.60      658.57  0.82     482.47  0.98         405.04
random-s64.json     1.94  279.70  0.55      512.90  1.14     245.41  3.13          89.33  436.07  0.62      706.19  0.86     506.14  1.05         417.04
random-fp32.json    1.41   80.56  0.39      204.13  0.43     188.02  1.86          43.22  115.17  0.61      190.04  0.87     132.63  0.67         170.73
random-fp64.json    2.04  101.11  0.35      285.25  0.56     180.03  2.07          48.74  180.46  0.52      348.16  1.05     171.86  0.83         217.17
random-null.json    0.48  115.81  0.53      218.93  0.41     280.34  1.26          92.10  401.89  0.40     1006.41  0.74     540.02  1.18         339.70
random-bool.json    0.52  115.16  0.61      187.99  0.51     227.20  1.35          85.39  316.76  0.58      547.43  0.94     338.38  1.10         287.38
random-string.json  4.55  256.17  1.08      237.55  1.26     203.01  2.95          86.73  737.30  1.08      682.34  1.07     688.83  4.91         150.12
random-array.json   1.14   51.37  0.44      117.70  0.23     221.81  1.20          42.83  199.40  0.34      593.80  0.49     404.09  0.74         270.82
random-object.json  1.91   66.22  0.86       77.06  0.37     179.17  1.57          42.27  216.54  0.54      403.07  0.68     319.70  2.19          98.89
<average>           1.32  133.38  0.56      238.77  0.71     188.61  2.15          61.92  292.11  0.62      470.76  0.77     379.46  1.10         265.05
