# 2026-10-03T09:34:20+00:00 / msvc++-19.51.36260.0 (MINGW64_NT-10.0-26100 x86_64) / native (boost::charconv)
# cxon/native       Size    Read     x  Boost/JSON     x  RapidJSON      x  nlohmann/JSON    Write     x  Boost/JSON     x  RapidJSON     x  nlohmann/JSON
random-u8.json      0.34  327.05  3.25      100.76  3.93      83.14   9.89          33.08   181.58  0.83      220.07  0.71     254.71  1.05         172.71
random-s8.json      0.35  234.64  2.50       93.72  2.96      79.28   7.24          32.40   161.32  0.82      196.56  0.69     235.27  1.05         153.74
random-u16.json     0.56  453.88  2.34      193.94  3.64     124.57   9.43          48.13   299.80  0.94      318.28  0.75     397.62  1.04         288.89
random-s16.json     0.59  348.28  2.03      171.52  2.84     122.76   7.21          48.28   253.19  0.85      299.13  0.73     345.24  1.07         236.42
random-u32.json     1.02  650.23  1.86      350.13  2.85     228.03   8.91          73.02   436.79  0.88      493.85  1.02     430.01  1.05         414.52
random-s32.json     1.05  507.42  1.74      291.15  2.83     179.21   7.40          68.55   367.33  0.93      393.49  0.83     440.59  1.09         337.86
random-u64.json     1.95  776.03  1.47      526.23  2.94     263.84   8.31          93.33   510.70  0.78      653.33  1.04     488.87  1.23         414.80
random-s64.json     1.94  709.63  1.38      515.70  3.08     230.59   7.54          94.06   511.83  0.72      706.35  1.02     503.44  1.25         409.32
random-fp32.json    1.41  334.23  1.63      205.02  1.76     190.05   7.73          43.22   244.99  1.23      199.16  1.77     138.47  1.49         164.91
random-fp64.json    2.04  433.42  1.53      283.94  2.44     177.68   8.91          48.62   309.17  0.89      348.73  1.85     167.50  1.46         212.37
random-null.json    0.48  810.67  3.61      224.39  2.83     286.21   9.00          90.06  1619.69  1.57     1033.79  3.08     525.04  4.57         354.26
random-bool.json    0.52  394.06  2.10      187.83  1.67     235.90   4.68          84.28   424.29  0.76      555.46  1.22     347.23  1.49         285.65
random-string.json  4.55  296.71  1.24      238.43  1.49     199.25   3.41          87.10   776.24  1.04      744.19  1.14     682.00  4.95         156.88
random-array.json   1.14  590.57  4.89      120.80  2.53     233.33  14.52          40.67  1060.72  1.80      588.23  2.64     401.91  3.75         283.21
random-object.json  1.91  459.24  5.86       78.38  2.66     172.71  10.97          41.86   682.87  1.45      472.09  2.10     324.49  5.62         121.56
<average>           1.32  488.40  2.05      238.80  2.61     187.10   7.91          61.78   522.70  1.09      481.51  1.38     378.82  1.96         267.14
