# 2026-10-03T09:29:07+00:00 / msvc++-19.51.36260.0 (MINGW64_NT-10.0-26100 x86_64) / native (default)
# cxon/native        Size    Read     x  Boost/JSON     x  RapidJSON     x  nlohmann/JSON    Write     x  Boost/JSON     x  RapidJSON     x  nlohmann/JSON
blns.json            0.03  330.71  0.98      337.46  1.36     242.42  3.61          91.56   846.91  1.18      718.03  0.99     857.90  3.81         222.05
emoji.json           0.41  370.62  1.97      187.94  1.55     239.43  5.16          71.83   882.84  1.41      627.73  1.46     606.74  3.34         264.53
apache_builds.json   0.13  506.12  1.99      254.52  1.98     255.22  6.12          82.70   992.83  1.14      874.30  1.06     933.78  4.00         248.21
canada.json          2.15  128.35  0.57      225.47  0.76     168.89  3.34          38.46   220.89  0.68      326.74  1.02     215.52  1.02         216.81
citm_catalog.json    1.70  724.51  1.66      435.74  1.45     498.98  6.29         115.27  2556.27  1.45     1757.35  1.60    1600.11  3.29         776.39
github_events.json   0.06  473.43  1.60      295.14  1.98     239.57  5.35          88.54  1043.41  1.25      835.83  0.98    1062.64  4.47         233.58
gsoc-2018.json       3.20  772.73  1.22      635.37  2.65     291.91  6.91         111.85  1291.79  1.73      746.55  1.26    1021.59  8.32         155.33
instruments.json     0.22  705.90  2.78      254.06  2.26     312.32  7.73          91.36  1184.36  1.18     1006.73  1.30     912.03  2.90         408.08
marine_ik.json       2.89  243.82  1.05      232.81  0.93     261.02  4.75          51.37   232.52  0.84      277.33  0.71     328.77  0.92         251.78
mesh.json            0.69  168.96  0.67      251.62  0.71     239.61  3.44          49.15   234.05  0.74      317.85  0.84     278.92  0.96         244.87
mesh.pretty.json     1.58  305.04  0.55      553.00  0.91     336.59  3.50          87.15   535.28  0.75      714.52  0.84     640.57  0.96         559.02
numbers.json         0.14  115.22  0.33      345.41  0.35     325.17  2.53          45.51   223.25  0.81      277.25  0.99     224.94  0.98         228.13
random.json          0.51  304.49  1.88      161.83  1.33     228.73  4.30          70.83   797.53  1.28      624.68  1.54     518.06  3.40         234.45
twitter.json         0.62  525.24  1.89      277.71  1.86     283.01  5.60          93.74  1347.65  1.36      991.04  1.60     840.17  4.66         289.17
twitterescaped.json  0.54  356.04  1.68      212.50  1.42     250.55  4.22          84.43  1180.87  1.38      858.44  1.61     733.42  4.69         251.67
update-center.json   0.51  383.31  1.68      228.11  1.73     221.23  5.35          71.58   722.78  1.22      590.70  1.23     588.65  4.38         165.20
<average>            0.96  400.90  1.31      305.54  1.46     274.66  5.15          77.83   893.33  1.24      721.57  1.26     710.24  3.01         296.83
