# 2026-10-10T10:10:15+00:00 / clang++-21.0.0.21000101 (Darwin arm64) / node (default)
# cxon/node         Size    Read     x  Boost/JSON     x  RapidJSON     x  nlohmann/JSON    Write     x  Boost/JSON     x  RapidJSON     x  nlohmann/JSON
random-u8.json      0.34  104.90  0.43      244.69  0.52     200.72  1.48          70.99   292.66  0.89      327.34  0.70     419.26  1.15         254.01
random-s8.json      0.35  141.49  0.76      185.15  0.74     191.56  1.89          74.78   255.78  0.92      277.93  0.72     357.19  1.28         199.43
random-u16.json     0.56  312.55  0.89      351.25  1.09     285.73  2.64         118.19   529.55  1.11      476.73  0.72     733.56  1.37         385.68
random-s16.json     0.59  188.29  0.55      344.37  0.77     245.69  2.01          93.87   418.19  1.19      352.53  0.81     516.97  1.46         287.09
random-u32.json     1.02  433.83  0.72      605.83  1.18     368.20  2.79         155.52   719.58  0.85      842.17  0.81     883.25  1.33         542.13
random-s32.json     1.05  339.95  0.67      510.02  1.00     338.38  2.44         139.48   670.72  1.24      542.27  0.78     863.74  1.48         454.12
random-u64.json     1.95  649.66  0.81      798.36  1.87     348.06  3.77         172.51  1064.80  1.02     1046.77  0.79    1353.21  1.36         782.40
random-s64.json     1.94  555.46  0.68      811.02  1.49     372.37  3.26         170.51  1158.01  1.13     1025.33  0.83    1393.73  1.51         767.34
random-fp32.json    1.41  209.43  0.56      374.37  0.61     341.61  1.81         115.90   142.93  0.45      315.65  0.73     194.62  0.84         170.40
random-fp64.json    2.04  227.81  0.52      438.95  0.90     251.77  1.82         125.10   196.22  0.46      422.53  0.82     239.77  0.82         239.88
random-null.json    0.48  217.94  0.69      314.06  0.76     287.00  1.40         155.40   691.23  0.73      952.52  1.61     430.02  1.53         452.63
random-bool.json    0.52  359.11  1.38      259.33  1.36     264.37  2.32         154.94   734.97  1.30      567.20  2.12     346.86  2.15         341.95
random-string.json  4.55  314.22  0.97      324.24  1.12     280.12  2.14         147.17   764.70  1.78      430.08  0.95     802.84  4.17         183.19
random-array.json   1.14   87.65  0.53      166.16  0.41     215.66  1.14          76.95   532.27  1.23      433.72  1.22     437.61  2.04         260.48
random-object.json  1.91   79.39  0.70      113.85  0.44     182.05  1.28          61.86   457.90  0.98      467.39  1.34     340.88  1.74         263.22
<average>           1.32  281.44  0.72      389.44  1.01     278.22  2.30         122.21   575.30  1.02      565.34  0.93     620.90  1.55         372.26
