# 2026-10-10T10:12:58+00:00 / clang++-21.0.0.21000101 (Darwin arm64) / node (boost::charconv)
# cxon/node         Size    Read     x  Boost/JSON     x  RapidJSON     x  nlohmann/JSON   Write     x  Boost/JSON     x  RapidJSON     x  nlohmann/JSON
random-u8.json      0.34  104.59  0.43      241.10  0.63     164.87  1.41          74.37  205.12  0.66      308.58  0.50     414.04  0.83         247.33
random-s8.json      0.35  141.11  0.80      175.29  0.77     184.14  1.82          77.50  207.95  0.75      276.30  0.58     358.79  1.01         205.11
random-u16.json     0.56  321.07  1.12      287.85  1.10     292.47  2.69         119.52  356.63  0.77      460.71  0.49     726.47  0.89         398.77
random-s16.json     0.59  197.85  0.68      291.83  0.94     210.36  1.91         103.33  302.04  0.86      353.00  0.58     524.47  1.09         276.76
random-u32.json     1.02  463.08  0.63      737.15  1.31     353.65  3.09         149.75  559.74  1.01      553.57  0.65     862.24  1.09         511.69
random-s32.json     1.05  309.66  0.90      345.01  0.89     346.40  2.34         132.32  465.13  1.07      434.51  0.55     852.52  1.05         442.81
random-u64.json     1.95  664.14  0.85      779.80  1.84     361.57  3.90         170.27  960.47  1.09      878.01  0.80    1193.74  1.26         763.36
random-s64.json     1.94  553.86  0.70      789.94  1.56     354.89  3.28         168.96  996.02  0.92     1088.38  0.73    1369.06  1.41         705.61
random-fp32.json    1.41  311.57  0.85      364.86  0.90     344.44  2.68         116.07  243.74  0.79      309.72  1.24     195.81  1.35         181.01
random-fp64.json    2.04  402.32  0.84      476.50  1.36     295.89  3.28         122.69  413.66  0.92      449.41  1.73     239.27  1.73         239.38
random-null.json    0.48  211.93  0.69      307.36  0.82     259.22  1.28         165.18  682.45  0.75      907.69  1.67     407.48  1.62         421.20
random-bool.json    0.52  315.60  1.21      260.53  1.26     250.91  1.94         162.97  728.12  1.10      662.97  1.83     397.84  1.95         372.89
random-string.json  4.55  353.38  1.19      297.65  1.26     280.80  2.06         171.35  799.98  1.87      428.26  1.12     717.26  4.58         174.63
random-array.json   1.14   85.69  0.48      177.67  0.55     155.88  0.99          86.62  507.89  1.22      417.38  1.28     398.22  1.64         310.14
random-object.json  1.91   63.21  0.78       80.81  0.34     186.25  0.58         108.29  349.32  0.98      356.22  0.92     380.09  1.41         247.60
<average>           1.32  299.94  0.80      374.22  1.11     269.45  2.33         128.61  518.55  0.99      525.65  0.86     602.49  1.41         366.55
