# 2026-10-10T10:09:40+00:00 / clang++-21.0.0.21000101 (Darwin arm64) / native (default)
# cxon/native        Size    Read     x  Boost/JSON     x  RapidJSON     x  nlohmann/JSON    Write     x  Boost/JSON     x  RapidJSON     x  nlohmann/JSON
blns.json            0.03  565.76  1.16      486.57  1.92     294.95  3.25         174.35  1000.52  1.42      704.78  1.31     761.72  3.09         323.45
emoji.json           0.39  491.76  1.42      347.41  1.41     348.96  3.82         128.73  1056.30  1.01     1050.54  1.85     572.10  3.07         344.60
apache_builds.json   0.12  670.60  2.01      333.00  1.90     353.57  3.58         187.38  1427.27  1.21     1177.95  1.69     842.42  4.17         341.87
canada.json          2.15  342.58  1.23      277.71  1.57     218.05  4.03          85.09   248.45  0.67      373.11  0.90     277.23  1.04         240.00
citm_catalog.json    1.65  940.66  1.39      676.99  1.16     813.40  5.17         182.10  2501.58  0.82     3056.72  1.43    1745.98  2.35        1064.28
github_events.json   0.06  684.13  1.60      428.25  1.99     342.93  3.81         179.61  1961.47  1.60     1228.98  1.92    1022.45  5.82         337.27
gsoc-2018.json       3.17  698.70  1.45      481.35  2.53     276.40  4.10         170.61  1317.79  1.66      795.32  0.77    1716.91  7.48         176.11
instruments.json     0.21  717.30  1.70      421.12  1.91     374.88  4.93         145.61  1523.20  1.03     1475.07  1.77     859.90  3.08         495.31
marine_ik.json       2.85  348.91  0.92      380.14  0.84     413.01  3.45         101.20   289.72  0.65      445.58  0.67     434.41  1.02         282.76
mesh.json            0.69  365.15  0.72      508.94  0.94     388.11  3.06         119.36   276.35  0.56      490.52  0.78     353.07  0.97         285.90
mesh.pretty.json     1.50  627.20  0.79      796.62  1.15     544.68  3.42         183.45   674.91  0.58     1160.65  0.87     777.71  1.09         621.77
numbers.json         0.14  336.36  0.56      598.82  0.84     401.57  2.77         121.43   197.24  0.41      481.17  0.73     270.73  0.83         236.61
random.json          0.49  411.23  1.82      226.26  1.30     317.02  3.68         111.69  1047.55  1.04     1004.33  1.93     542.10  3.64         287.51
twitter.json         0.60  683.59  1.77      385.97  1.80     380.43  3.84         177.80  2436.45  1.75     1394.25  2.65     917.87  6.33         385.11
twitterescaped.json  0.54  404.58  0.94      428.56  1.10     367.13  2.63         154.00  2148.64  1.61     1337.61  2.65     809.84  6.18         347.80
update-center.json   0.51  521.41  1.73      301.44  1.74     298.95  4.02         129.63  1132.83  1.32      859.04  1.74     652.05  4.54         249.64
<average>            0.94  550.62  1.24      442.45  1.44     383.38  3.75         147.00  1202.52  1.13     1064.73  1.53     784.78  3.20         376.25
