# 2026-10-03T09:30:15+00:00 / clang++-21.0.0.21000101 (Darwin arm64) / native (boost::charconv)
# cxon/native        Size     Read     x  Boost/JSON     x  RapidJSON     x  nlohmann/JSON    Write     x  Boost/JSON     x  RapidJSON     x  nlohmann/JSON
blns.json            0.03   553.67  1.10      505.14  1.63     338.77  3.02         183.36   978.51  1.11      877.75  1.27     771.16  2.99         327.02
emoji.json           0.39   505.79  1.59      318.01  1.50     338.12  3.67         137.64  1134.56  1.12     1010.77  1.94     584.80  3.20         354.21
apache_builds.json   0.12   732.85  1.89      387.69  1.97     371.68  3.87         189.27  1483.98  1.21     1230.18  1.68     882.22  4.46         332.92
canada.json          2.15   713.42  1.75      408.31  2.88     247.75  6.29         113.42   260.50  0.44      598.15  0.94     276.33  0.98         266.33
citm_catalog.json    1.65  1109.22  1.66      670.15  1.25     886.94  5.61         197.62  2532.19  0.82     3078.86  1.41    1800.66  2.34        1084.27
github_events.json   0.06   702.18  1.64      428.74  2.07     339.53  3.91         179.50  2042.07  1.87     1091.32  2.00    1020.35  6.33         322.46
gsoc-2018.json       3.17   919.40  1.55      593.33  2.58     356.43  4.51         203.99  1599.56  1.70      939.52  0.84    1914.49  7.08         225.78
instruments.json     0.21   770.50  1.78      433.68  1.74     442.86  4.92         156.62  1558.50  0.87     1791.57  1.72     903.49  2.96         526.66
marine_ik.json       2.85   627.90  1.78      353.28  1.51     415.21  5.28         118.85   399.82  0.96      414.99  0.93     430.67  1.18         338.92
mesh.json            0.69   764.47  1.48      516.83  2.01     381.13  6.33         120.84   348.48  0.67      517.28  1.00     347.79  1.22         285.23
mesh.pretty.json     1.50  1162.60  1.46      796.00  2.67     435.68  8.39         138.61   729.52  0.70     1042.44  1.35     538.65  1.32         554.62
numbers.json         0.14   848.51  1.46      580.90  2.10     403.29  6.89         123.22   279.48  0.62      453.99  1.04     268.72  1.18         237.26
random.json          0.49   417.82  1.74      240.00  1.26     332.13  3.44         121.53   957.38  0.95     1008.01  1.76     544.24  3.24         295.94
twitter.json         0.60   686.22  1.76      390.31  1.91     358.44  3.83         178.95  2425.20  1.71     1422.38  2.70     899.73  6.16         393.77
twitterescaped.json  0.54   459.86  1.07      429.43  1.19     387.43  2.84         162.20  2237.91  1.65     1356.14  2.74     816.60  6.39         350.39
update-center.json   0.51   545.31  2.10      259.79  1.84     296.71  3.90         139.65  1171.83  1.45      808.92  1.83     641.07  4.83         242.76
<average>            0.94   719.98  1.58      456.97  1.82     395.76  4.67         154.08  1258.72  1.14     1102.64  1.59     790.06  3.28         383.66
