# 2026-10-03T09:31:23+00:00 / clang++-21.0.0.21000101 (Darwin arm64) / native (boost::charconv)
# cxon/native       Size     Read     x  Boost/JSON     x  RapidJSON     x  nlohmann/JSON    Write     x  Boost/JSON     x  RapidJSON     x  nlohmann/JSON
random-u8.json      0.34   324.40  1.33      244.67  1.66     195.90  4.09          79.31   338.21  1.18      286.58  0.82     412.27  1.35         250.77
random-s8.json      0.35   270.42  1.32      204.34  1.46     184.62  3.47          77.89   306.74  1.11      276.32  0.85     360.14  1.49         206.41
random-u16.json     0.56   696.13  1.79      389.62  2.33     299.29  5.85         119.07   505.18  1.04      484.93  0.69     734.17  1.28         393.58
random-s16.json     0.59   455.91  1.30      351.64  1.84     248.06  4.48         101.82   395.33  1.03      385.12  0.76     522.09  1.36         290.57
random-u32.json     1.02   947.64  2.14      442.20  2.64     358.36  6.07         156.09   715.13  1.33      537.74  0.81     885.99  1.32         540.79
random-s32.json     1.05   642.99  1.45      443.23  1.90     337.56  4.46         144.12   573.30  0.93      618.52  0.65     876.96  1.23         465.51
random-u64.json     1.95  1151.42  1.46      787.46  3.08     374.33  7.13         161.49  1111.28  1.04     1067.61  0.85    1306.10  1.55         719.01
random-s64.json     1.94  1156.66  1.47      784.77  3.14     368.37  6.95         166.54  1044.88  1.00     1048.33  0.76    1378.57  1.40         746.65
random-fp32.json    1.41   475.00  1.33      356.76  1.40     338.51  4.27         111.20   300.50  0.99      305.08  1.61     186.68  1.64         183.53
random-fp64.json    2.04   662.48  1.45      456.68  2.24     295.23  6.58         100.63   311.54  0.57      547.37  1.40     222.50  1.32         236.02
random-null.json    0.48   756.83  2.67      283.86  2.57     294.76  3.92         193.12  2807.35  4.20      668.82  6.67     421.08  6.26         448.24
random-bool.json    0.52   541.83  2.29      236.19  2.06     263.59  3.18         170.23  1040.83  1.75      593.46  2.53     410.67  3.03         342.94
random-string.json  4.55   325.77  1.46      223.31  1.29     252.52  2.10         155.36   742.12  1.81      410.11  1.01     734.61  3.82         194.33
random-array.json   1.14   804.01  6.15      130.68  3.09     260.50  9.29          86.53  1639.11  3.67      446.45  3.92     418.56  4.67         351.14
random-object.json  1.91   401.84  4.01      100.14  1.57     255.30  4.66          86.29   823.02  1.26      655.12  2.07     398.22  2.73         301.24
<average>           1.32   640.89  1.77      362.37  2.22     288.46  5.03         127.31   843.64  1.52      555.44  1.37     617.91  2.23         378.05
