# 2026-10-10T10:11:47+00:00 / clang++-21.0.0.21000101 (Darwin arm64) / node (boost::charconv)
# cxon/node          Size    Read     x  Boost/JSON     x  RapidJSON     x  nlohmann/JSON    Write     x  Boost/JSON     x  RapidJSON     x  nlohmann/JSON
blns.json            0.03  357.76  1.04      345.16  1.15     311.79  2.13         167.88   850.18  1.31      646.92  1.11     767.38  2.69         315.74
emoji.json           0.39  269.75  0.92      294.43  0.88     306.89  2.30         117.24   856.59  0.86      992.17  1.53     560.75  2.30         371.95
apache_builds.json   0.12  308.96  0.88      350.17  0.96     321.71  1.77         174.30  1214.29  1.12     1087.37  1.44     844.37  3.61         336.25
canada.json          2.15  189.09  0.58      326.34  0.76     248.13  1.67         113.17   353.05  0.88      399.18  1.33     265.11  1.37         256.79
citm_catalog.json    1.65  437.61  0.86      511.55  0.56     779.30  2.54         172.03  2007.44  0.74     2694.79  1.20    1675.78  2.01        1001.10
github_events.json   0.06  491.67  1.16      423.86  1.50     328.25  2.93         168.03  1390.60  1.33     1049.06  1.52     914.57  4.35         319.83
gsoc-2018.json       3.17  853.15  1.50      570.66  2.41     353.36  4.23         201.56  1158.48  1.38      841.06  0.58    1986.90  5.23         221.39
instruments.json     0.21  423.38  1.01      420.41  1.05     403.50  2.94         143.83  1117.50  0.69     1630.02  1.23     907.48  2.14         521.87
marine_ik.json       2.85  187.41  0.67      279.34  0.48     393.27  2.80          67.03   343.03  1.05      326.06  0.79     432.48  1.61         213.37
mesh.json            0.69  267.57  0.56      478.97  0.75     354.70  2.31         115.66   235.90  0.56      418.49  0.72     325.67  0.85         276.59
mesh.pretty.json     1.50  596.87  0.77      777.30  1.17     508.95  3.39         176.13   704.59  0.64     1092.99  0.93     757.08  1.14         619.57
numbers.json         0.14  499.64  0.85      589.83  1.27     392.51  4.13         120.87   276.86  0.61      450.75  1.04     265.54  1.19         233.33
random.json          0.49  216.23  1.14      188.88  0.70     308.95  1.91         113.08   821.71  0.85      961.56  1.51     543.98  2.83         290.04
twitter.json         0.60  407.52  1.05      386.41  1.16     350.72  2.34         174.34  1672.26  1.14     1466.09  1.83     914.59  4.32         387.01
twitterescaped.json  0.54  405.34  1.04      390.92  1.44     282.05  4.54          89.33  1319.24  1.16     1132.44  1.86     709.87  4.19         315.12
update-center.json   0.51  370.32  1.19      311.36  1.27     292.70  2.78         133.19   889.66  1.19      750.10  1.38     646.06  3.59         247.48
<average>            0.94  392.64  0.95      415.35  1.06     371.05  2.80         140.48   950.71  0.95      996.19  1.22     782.35  2.57         370.46
