# 2026-10-10T10:10:49+00:00 / clang++-21.0.0.21000101 (Darwin arm64) / native (default)
# cxon/native       Size    Read     x  Boost/JSON     x  RapidJSON      x  nlohmann/JSON    Write     x  Boost/JSON     x  RapidJSON     x  nlohmann/JSON
random-u8.json      0.34  215.04  1.45      148.19  1.67     128.50   2.94          73.24   320.24  1.31      244.09  0.85     378.47  1.32         242.40
random-s8.json      0.35  181.87  0.87      209.92  1.06     171.08   2.53          71.84   308.77  1.15      269.46  0.84     366.53  1.56         197.50
random-u16.json     0.56  400.80  1.17      341.69  1.65     243.51   3.69         108.65   517.18  1.22      424.05  0.75     692.97  1.41         365.85
random-s16.json     0.59  283.94  0.90      314.96  1.18     239.79   2.90          97.78   455.42  1.23      369.61  0.95     477.29  1.69         269.31
random-u32.json     1.02  442.47  0.83      534.64  1.49     297.21   3.25         136.10   771.65  1.23      626.66  1.01     764.72  1.75         440.84
random-s32.json     1.05  363.29  0.75      485.30  1.18     308.12   2.80         129.72   632.03  1.16      545.74  0.78     808.29  1.49         423.78
random-u64.json     1.95  579.21  0.88      661.52  1.59     364.06   3.36         172.20  1088.84  1.09     1000.72  0.82    1330.42  1.40         775.35
random-s64.json     1.94  626.59  0.83      753.17  1.76     355.31   4.60         136.22  1132.79  1.21      935.06  0.86    1313.85  1.90         595.33
random-fp32.json    1.41  200.73  0.57      354.36  0.61     331.20   1.97         101.73   131.20  0.42      312.58  0.67     196.21  0.75         174.48
random-fp64.json    2.04  208.75  0.46      450.39  1.31     159.24   2.13          97.94   129.73  0.29      449.03  0.63     206.81  0.73         177.58
random-null.json    0.48  554.38  1.97      281.56  1.88     295.53   3.33         166.52  1722.21  2.62      656.65  4.07     422.67  3.98         432.47
random-bool.json    0.52  507.26  2.49      204.04  1.61     315.92   3.39         149.46   843.23  1.83      459.93  2.14     394.15  2.33         361.51
random-string.json  4.55  364.71  1.54      236.63  1.33     274.29   2.34         155.75   742.90  1.67      444.33  0.99     752.98  4.18         177.61
random-array.json   1.14  766.26  6.66      114.98  3.30     232.07  11.49          66.71  1563.49  4.13      378.58  3.85     406.34  5.46         286.36
random-object.json  1.91  376.26  3.56      105.72  1.92     196.13   7.83          48.03   760.80  1.37      555.57  2.37     320.34  4.75         160.14
<average>           1.32  404.77  1.17      346.47  1.55     260.80   3.55         114.13   741.37  1.45      511.47  1.26     588.80  2.19         338.70
