# 2026-10-10T10:09:04+00:00 / clang++-21.0.0.21000101 (Darwin arm64) / node (default)
# cxon/node          Size    Read     x  Boost/JSON     x  RapidJSON     x  nlohmann/JSON    Write     x  Boost/JSON     x  RapidJSON     x  nlohmann/JSON
blns.json            0.03  487.34  1.30      376.26  1.45     336.30  2.84         171.77   880.25  1.31      673.52  1.14     769.24  2.82         312.65
emoji.json           0.39  225.99  0.83      273.64  0.86     261.54  2.03         111.35   882.91  0.93      952.37  1.52     582.07  2.64         334.67
apache_builds.json   0.12  396.96  1.12      353.53  1.18     335.49  2.22         178.43  1294.70  1.21     1072.17  1.41     915.78  3.67         352.78
canada.json          2.15  156.74  0.42      375.93  0.68     231.74  1.61          97.19   228.72  0.88      259.25  0.87     263.72  0.90         254.83
citm_catalog.json    1.65  320.97  0.55      579.91  0.40     812.32  1.66         193.81  2323.39  0.78     2975.95  1.30    1782.83  2.11        1100.60
github_events.json   0.06  514.22  1.31      391.27  1.40     366.54  2.99         171.98  1682.57  1.38     1218.92  1.64    1028.80  5.09         330.25
gsoc-2018.json       3.17  495.21  1.44      343.01  1.43     346.19  2.47         200.88  1036.95  1.13      921.39  0.52    1981.94  4.57         227.12
instruments.json     0.21  361.06  0.91      397.52  0.87     413.42  2.56         140.81  1251.13  0.76     1650.30  1.37     912.15  2.34         534.33
marine_ik.json       2.85  184.11  0.55      332.99  0.47     391.61  1.61         114.08   326.71  0.83      394.53  0.77     424.67  1.01         321.96
mesh.json            0.69  273.34  0.53      512.23  0.81     337.25  2.29         119.13   278.59  0.56      501.49  0.83     334.15  0.98         284.43
mesh.pretty.json     1.50  479.46  0.61      790.89  0.89     540.01  2.64         181.80   629.40  0.58     1076.20  0.84     750.82  1.04         607.65
numbers.json         0.14  285.80  0.46      616.88  0.69     412.96  2.30         124.45   261.45  0.56      469.47  0.97     270.34  1.10         236.76
random.json          0.49  214.99  1.00      215.67  0.70     306.65  2.12         101.47   869.72  0.90      969.73  1.63     533.84  3.21         270.86
twitter.json         0.60  417.52  1.21      344.43  1.19     349.50  2.41         173.09  1422.38  1.04     1368.51  1.55     919.01  3.65         389.74
twitterescaped.json  0.54  393.23  1.06      371.19  1.04     378.20  2.66         147.89  1507.67  1.13     1336.99  1.94     778.17  4.45         338.66
update-center.json   0.51  301.53  1.01      298.99  1.04     291.04  2.29         131.52   953.88  1.09      875.24  1.46     653.24  3.87         246.20
<average>            0.94  344.28  0.84      410.90  0.90     381.92  2.33         147.48   989.40  0.95     1044.75  1.23     806.30  2.58         383.97
